SIMPLE  = T
BITPIX  = -64
NAXIS   = 2
NAXIS1  = 901
NAXIS2  = 900
CTYPE1  = 'RA---TAN'
CTYPE2  = 'DEC--TAN'
CRVAL1  =  275.195830
CRVAL2  =  -16.171670
CRPIX1  =  451.000000
CRPIX2  =  450.500000
CDELT1  =   -0.000277778
CDELT2  =    0.000277778
CROTA2  =    0.000000
EQUINOX = 2000.0
END
